100,01/07/2014,00,1404183692,12422224.0,24.61
100,01/07/2014,00,1404185500,12418522.0,29.53
100,01/07/2014,01,1404187295,12356303.0,27.67
100,01/07/2014,01,1404189091,12423722.0,26.8
100,01/07/2014,02,1404190895,12405836.0,27.73
100,01/07/2014,02,1404192691,12429869.0,27.39
100,01/07/2014,03,1404194493,12402069.0,25.36
100,01/07/2014,03,1404196288,12445687.0,27.28
100,01/07/2014,04,1404198085,12220714.0,26.14
100,01/07/2014,04,1404199894,12438007.0,25.94
100,01/07/2014,05,1404201707,12393195.0,37.76
100,01/07/2014,05,1404203501,12432312.0,24.87
100,01/07/2014,06,1404205298,12426270.0,22.96
100,01/07/2014,06,1404207085,12437018.0,27.18
100,01/07/2014,07,1404208897,12424280.0,30.23
100,01/07/2014,07,1404210687,12403860.0,31.63
100,01/07/2014,08,1404212500,12416519.0,27.05
100,01/07/2014,08,1404214302,12410306.0,25.48
100,01/07/2014,09,1404216082,12410900.0,29.26
100,01/07/2014,09,1404217890,12444352.0,29.41
100,01/07/2014,10,1404219688,12431339.0,26.56
100,01/07/2014,10,1404221500,12421636.0,27.7
100,01/07/2014,11,1404223299,12318770.0,35.24
100,01/07/2014,11,1404225112,12445323.0,25.7
100,01/07/2014,12,1404226899,12407293.0,28.62
100,01/07/2014,12,1404228704,12405943.0,26.93
100,01/07/2014,13,1404230492,12431082.0,32.54
100,01/07/2014,13,1404232273,12416862.0,37.04
100,01/07/2014,14,1404234088,12429120.0,30.97
100,01/07/2014,14,1404235888,12357408.0,33.36
100,01/07/2014,15,1404237684,11896579.0,36.97
100,01/07/2014,15,1404239493,12429685.0,31.94
100,01/07/2014,16,1404241299,12410140.0,30.88
100,01/07/2014,16,1404243093,12394825.0,29.1
100,01/07/2014,17,1404244894,12455873.0,24.04
100,01/07/2014,17,1404246697,12351248.0,41.78
100,01/07/2014,18,1404248497,12416293.0,29.5
100,01/07/2014,18,1404250285,12145468.0,30.14
100,01/07/2014,19,1404252100,12340480.0,35.68
100,01/07/2014,19,1404253908,11610583.0,26.76
100,01/07/2014,20,1404255673,11136957.0,26.99
100,01/07/2014,20,1404257477,12360999.0,25.81
100,01/07/2014,21,1404259270,11040737.0,26.55
100,01/07/2014,21,1404261071,12332322.0,25.43
100,01/07/2014,22,1404262872,8503342.0,119.77
100,01/07/2014,22,1404264667,12242556.0,25.48
100,01/07/2014,23,1404266491,12352578.0,0
100,02/07/2014,00,1404270106,12409489.0,25.2
100,02/07/2014,00,1404271900,12418570.0,27.67
100,02/07/2014,01,1404273699,12398162.0,30.67
100,02/07/2014,01,1404275503,12369081.0,31.28
100,02/07/2014,02,1404277294,12415428.0,25.7
100,02/07/2014,02,1404279092,12409732.0,45.24
100,02/07/2014,03,1404280898,12248196.0,23.72
100,02/07/2014,03,1404282687,12445161.0,24.14
100,02/07/2014,04,1404284501,12431138.0,25.85
100,02/07/2014,04,1404286291,12415989.0,23.31
100,02/07/2014,05,1404288097,12410020.0,27.85
100,02/07/2014,05,1404289894,12439065.0,26.09
100,02/07/2014,06,1404291688,12431003.0,29.83
100,02/07/2014,06,1404293504,12412657.0,28.55
100,02/07/2014,07,1404295299,12419410.0,72.53
100,02/07/2014,07,1404297102,12417593.0,31.73
100,02/07/2014,08,1404298901,12385066.0,32.44
100,02/07/2014,08,1404300694,12403234.0,26.66
100,02/07/2014,09,1404302493,12287620.0,27.12
100,02/07/2014,09,1404304297,12418638.0,24.27
100,02/07/2014,10,1404306093,12407950.0,30.37
100,02/07/2014,10,1404307891,12431698.0,29.21
100,02/07/2014,11,1404309699,12422289.0,26.07
100,02/07/2014,11,1404311498,12370467.0,33.91
100,02/07/2014,12,1404313305,12364057.0,30.18
100,02/07/2014,12,1404315067,11970461.0,37.66
100,02/07/2014,13,1404316955,12410564.0,27.39
100,02/07/2014,13,1404318685,12408014.0,27.46
100,02/07/2014,14,1404320495,12423680.0,32.93
100,02/07/2014,14,1404322285,12412195.0,32.01
100,02/07/2014,15,1404324092,12159052.0,56.63
100,02/07/2014,15,1404325879,11105340.0,23.75
100,02/07/2014,16,1404327697,12392884.0,27.46
100,02/07/2014,16,1404329495,12421643.0,41.63
100,02/07/2014,17,1404331297,12232157.0,22.54
100,02/07/2014,17,1404333086,12417124.0,25.62
100,02/07/2014,18,1404334865,12290918.0,23.71
100,02/07/2014,18,1404336695,11174713.0,26.09
100,02/07/2014,19,1404338484,12429291.0,28.53
100,02/07/2014,19,1404340299,12350828.0,30.85
100,02/07/2014,20,1404342071,9404963.0,31.43
100,02/07/2014,20,1404343889,12265070.0,26.75
100,02/07/2014,21,1404345685,11536397.0,24.81
100,02/07/2014,21,1404347483,12342707.0,27.32
100,02/07/2014,22,1404349276,12162937.0,26.39
100,02/07/2014,22,1404351072,12409004.0,29.64
100,02/07/2014,23,1404352882,8805450.0,25.93
100,03/07/2014,00,1404356486,12418092.0,31.53
100,03/07/2014,00,1404358296,12424522.0,27.15
100,03/07/2014,01,1404360099,12356410.0,26.59
100,03/07/2014,01,1404361894,12421156.0,28.62
100,03/07/2014,02,1404363694,12413825.0,24.43
100,03/07/2014,02,1404365501,12442983.0,29.2
100,03/07/2014,03,1404367279,12430629.0,25.8
100,03/07/2014,03,1404369098,12439213.0,26.15
100,03/07/2014,04,1404370889,12411845.0,27.44
100,03/07/2014,04,1404372687,12433777.0,26.56
100,03/07/2014,05,1404374496,12404417.0,24.2
100,03/07/2014,05,1404376300,12460859.0,26.45
100,03/07/2014,06,1404378085,12428038.0,23.43
100,03/07/2014,06,1404379887,12417593.0,28.21
100,03/07/2014,07,1404381697,12416810.0,25.73
100,03/07/2014,07,1404383500,12421714.0,23.55
100,03/07/2014,08,1404385285,12428288.0,29.13
100,03/07/2014,08,1404387088,12424961.0,22.89
100,03/07/2014,09,1404388904,12412525.0,29.4
100,03/07/2014,09,1404390689,12414634.0,24.82
100,03/07/2014,10,1404392500,12442039.0,30.15
100,03/07/2014,10,1404394282,12445089.0,27.75
100,03/07/2014,11,1404396085,12437224.0,26.09
100,03/07/2014,11,1404397888,12332862.0,31.64
100,03/07/2014,12,1404399697,12412221.0,27.88
100,03/07/2014,12,1404401487,12414628.0,28.97
100,03/07/2014,13,1404403295,12418110.0,31.63
100,03/07/2014,13,1404405113,12439122.0,24.62
100,03/07/2014,14,1404406897,12411362.0,31.14
100,03/07/2014,14,1404408682,12419800.0,30.63
100,03/07/2014,15,1404410492,12431935.0,28.71
100,03/07/2014,15,1404412282,12429075.0,33.5
100,03/07/2014,16,1404414099,12414190.0,29.14
100,03/07/2014,16,1404415874,12333902.0,25.52
100,03/07/2014,17,1404417699,12416083.0,27.5
100,03/07/2014,17,1404419491,12435335.0,25.92
100,03/07/2014,18,1404421292,12259245.0,27.61
100,03/07/2014,18,1404423100,12283169.0,29.8
100,03/07/2014,19,1404424885,12411359.0,28.26
100,03/07/2014,19,1404426687,12348972.0,30.21
100,03/07/2014,20,1404428499,11767212.0,29.15
100,03/07/2014,20,1404430299,7108103.0,26.04
100,03/07/2014,21,1404432099,12318516.0,36.19
100,03/07/2014,21,1404433902,12305700.0,68.0
100,03/07/2014,22,1404435692,5482453.0,120.98
100,03/07/2014,22,1404437523,12367660.0,24.74
100,03/07/2014,23,1404439309,12288509.0,32.49
100,04/07/2014,00,1404442894,12386059.0,23.8
100,04/07/2014,00,1404444704,12121091.0,25.62
100,04/07/2014,01,1404446487,12278923.0,28.04
100,04/07/2014,01,1404448296,11861939.0,31.99
100,04/07/2014,02,1404450090,12412857.0,36.23
100,04/07/2014,02,1404451879,12426605.0,25.86
100,04/07/2014,03,1404453680,12396450.0,29.72
100,04/07/2014,03,1404455489,12150968.0,23.02
100,04/07/2014,04,1404457295,12391064.0,24.53
100,04/07/2014,04,1404459085,12421404.0,32.26
100,04/07/2014,05,1404460906,12428369.0,26.4
100,04/07/2014,05,1404462688,12433275.0,27.95
100,04/07/2014,06,1404464482,12304820.0,25.8
100,04/07/2014,06,1404466294,12377928.0,28.27
100,04/07/2014,07,1404468096,12417583.0,24.92
100,04/07/2014,07,1404469901,12252305.0,26.9
100,04/07/2014,08,1404471693,12418370.0,27.89
100,04/07/2014,08,1404473498,12409855.0,29.84
100,04/07/2014,09,1404475289,12445125.0,29.32
100,04/07/2014,09,1404477098,12425925.0,23.35
100,04/07/2014,10,1404478886,12415241.0,25.33
100,04/07/2014,13,1404491499,12444976.0,27.29
100,04/07/2014,14,1404493287,12416564.0,24.76
100,04/07/2014,14,1404495097,12234951.0,27.54
100,04/07/2014,15,1404496907,12233359.0,37.79
100,04/07/2014,15,1404498695,12361197.0,29.72
100,04/07/2014,16,1404500495,12413232.0,22.06
100,04/07/2014,16,1404502297,12433701.0,23.74
100,04/07/2014,17,1404504092,12423913.0,27.16
100,04/07/2014,17,1404505897,12413665.0,26.23
100,04/07/2014,18,1404507694,11732299.0,23.1
100,04/07/2014,18,1404509515,12426541.0,25.78
100,04/07/2014,19,1404511289,12435606.0,26.64
100,04/07/2014,19,1404513077,12409331.0,22.42
100,04/07/2014,20,1404514900,12429197.0,28.53
100,04/07/2014,20,1404516699,12412551.0,24.65
100,04/07/2014,21,1404518490,12242897.0,27.01
100,04/07/2014,21,1404520298,12067896.0,27.07
100,04/07/2014,22,1404522079,11564007.0,28.77
100,04/07/2014,22,1404523896,9422884.0,26.92
100,04/07/2014,23,1404525688,12156705.0,27.87
100,05/07/2014,00,1404529296,12431719.0,32.84
100,05/07/2014,00,1404531101,9822973.0,29.34
100,05/07/2014,01,1404532888,12405395.0,27.15
100,05/07/2014,01,1404534700,12421877.0,26.62
100,05/07/2014,02,1404536548,12427217.0,24.96
100,05/07/2014,02,1404538290,12417102.0,29.03
100,05/07/2014,03,1404540098,12430659.0,26.45
100,05/07/2014,03,1404541901,11967517.0,22.11
100,05/07/2014,04,1404543692,12425238.0,25.21
100,05/07/2014,04,1404545493,12409022.0,27.83
100,05/07/2014,05,1404547301,11945181.0,26.87
100,05/07/2014,05,1404549101,12411986.0,25.39
100,05/07/2014,06,1404550895,12413330.0,24.75
100,05/07/2014,06,1404552712,12420293.0,23.12
100,05/07/2014,07,1404554498,12413704.0,24.26
100,05/07/2014,07,1404556304,12396343.0,22.41
100,05/07/2014,08,1404558097,12426832.0,28.62
100,05/07/2014,08,1404559892,12428444.0,28.26
100,05/07/2014,09,1404561699,12231059.0,28.13
100,05/07/2014,09,1404563492,12435601.0,26.19
100,05/07/2014,10,1404565304,12374433.0,24.07
100,05/07/2014,10,1404567091,12407605.0,30.08
100,05/07/2014,11,1404568902,12420640.0,27.63
100,05/07/2014,11,1404570698,12402812.0,29.11
100,05/07/2014,12,1404572499,12425207.0,26.26
100,05/07/2014,12,1404574297,12419969.0,28.94
100,05/07/2014,13,1404576103,12354465.0,23.55
100,05/07/2014,13,1404577895,12223229.0,27.32
100,05/07/2014,14,1404579700,12403852.0,51.21
100,05/07/2014,14,1404581490,12424905.0,26.41
100,05/07/2014,15,1404583297,12326256.0,29.66
100,05/07/2014,15,1404585095,12428336.0,25.15
100,05/07/2014,16,1404586895,12433967.0,23.41
100,05/07/2014,16,1404588688,12402773.0,24.67
100,05/07/2014,17,1404590480,12074834.0,26.36
100,05/07/2014,17,1404592295,12411279.0,25.6
100,05/07/2014,18,1404594087,12431177.0,28.32
100,05/07/2014,18,1404595895,12399654.0,26.08
100,05/07/2014,19,1404597696,12295040.0,29.28
100,05/07/2014,19,1404599498,12370846.0,25.74
100,05/07/2014,20,1404601297,12169127.0,27.41
100,05/07/2014,20,1404603099,12390301.0,29.09
100,05/07/2014,21,1404604897,11789585.0,24.46
100,05/07/2014,21,1404606693,12430226.0,23.14
100,05/07/2014,22,1404608504,12417371.0,38.91
100,05/07/2014,22,1404610300,12415844.0,23.76
100,05/07/2014,23,1404612104,12418600.0,23.66
100,06/07/2014,00,1404615694,12120942.0,26.89
100,06/07/2014,00,1404617498,12009172.0,27.7
100,06/07/2014,01,1404619292,12038673.0,27.96
100,06/07/2014,01,1404621100,12422142.0,25.74
100,06/07/2014,02,1404622900,12423282.0,28.22
100,06/07/2014,02,1404624695,12426999.0,26.47
100,06/07/2014,03,1404626486,12408868.0,26.16
100,06/07/2014,03,1404628290,12425103.0,35.04
100,06/07/2014,04,1404630100,12408406.0,22.91
100,06/07/2014,04,1404631887,12410082.0,26.03
100,06/07/2014,05,1404633701,11946233.0,26.62
100,06/07/2014,05,1404635483,12258436.0,24.8
100,06/07/2014,06,1404637299,12377623.0,27.68
100,06/07/2014,06,1404639099,12432554.0,31.88
100,06/07/2014,07,1404640895,12420415.0,24.28
100,06/07/2014,07,1404642703,12429548.0,26.4
100,06/07/2014,08,1404644490,12415894.0,27.1
100,06/07/2014,08,1404646309,12373640.0,30.34
100,06/07/2014,09,1404648088,12420024.0,23.59
100,06/07/2014,09,1404649902,12397679.0,30.69
100,06/07/2014,10,1404651696,12416736.0,25.24
100,06/07/2014,10,1404653493,12450053.0,28.06
100,06/07/2014,11,1404655275,12408086.0,27.41
100,06/07/2014,11,1404657085,12400721.0,24.29
100,06/07/2014,12,1404658891,12406358.0,26.42
100,06/07/2014,13,1404662502,12414455.0,24.34
100,06/07/2014,13,1404664293,12421741.0,27.86
100,06/07/2014,14,1404666096,12402246.0,29.25
100,06/07/2014,14,1404667898,12020365.0,22.28
100,06/07/2014,15,1404669701,12425138.0,29.44
100,06/07/2014,15,1404671502,11419987.0,25.92
100,06/07/2014,16,1404673299,11984001.0,30.78
100,06/07/2014,16,1404675096,10425207.0,25.75
100,06/07/2014,17,1404676898,11604225.0,30.82
100,06/07/2014,17,1404678702,12337140.0,25.05
100,06/07/2014,18,1404680498,11764350.0,29.87
100,06/07/2014,18,1404682299,12233391.0,24.25
100,06/07/2014,19,1404684090,12402668.0,29.83
100,06/07/2014,19,1404685901,12278578.0,26.2
100,06/07/2014,20,1404687697,12404935.0,27.12
100,06/07/2014,20,1404689501,12330248.0,29.98
100,06/07/2014,21,1404691303,12198333.0,28.07
100,06/07/2014,21,1404693110,12368255.0,27.2
100,06/07/2014,22,1404694897,12118570.0,25.01
100,06/07/2014,22,1404696703,10673189.0,27.62
100,06/07/2014,23,1404698496,11664214.0,28.82
100,07/07/2014,00,1404702092,12349197.0,25.75
100,07/07/2014,00,1404703905,12391184.0,27.36
100,07/07/2014,01,1404705697,12373760.0,26.03
100,07/07/2014,01,1404707495,12401135.0,24.15
100,07/07/2014,02,1404709297,12291436.0,25.65
100,07/07/2014,02,1404711099,12406600.0,28.79
100,07/07/2014,03,1404712895,12402658.0,23.9
100,07/07/2014,03,1404714693,12177665.0,23.79
100,07/07/2014,04,1404716502,12420524.0,26.2
100,07/07/2014,04,1404718301,12414243.0,24.53
100,07/07/2014,05,1404720103,12408177.0,25.37
100,07/07/2014,05,1404721887,12408065.0,27.59
100,07/07/2014,06,1404723694,12428607.0,26.66
100,07/07/2014,06,1404725490,12393401.0,34.15
100,07/07/2014,07,1404727299,12101615.0,39.36
100,07/07/2014,07,1404729095,12403390.0,24.53
100,07/07/2014,08,1404730890,12399585.0,23.03
100,07/07/2014,08,1404732694,12429035.0,33.28
100,07/07/2014,09,1404734488,12419315.0,32.81
100,07/07/2014,09,1404736295,12369273.0,33.12
100,07/07/2014,10,1404738098,12409385.0,29.2
100,07/07/2014,10,1404739898,12235711.0,28.84
100,07/07/2014,11,1404741692,12404468.0,31.17
100,07/07/2014,11,1404743506,12385107.0,28.53
100,07/07/2014,12,1404745292,12285464.0,30.39
100,07/07/2014,12,1404747086,12302273.0,24.24
100,07/07/2014,13,1404748882,12345638.0,24.85
100,07/07/2014,13,1404750678,12211605.0,31.39
100,07/07/2014,14,1404752475,12400746.0,28.66
100,07/07/2014,14,1404754294,12061056.0,29.36
100,07/07/2014,15,1404756087,12375307.0,27.1
100,07/07/2014,15,1404757892,12413325.0,26.33
100,07/07/2014,16,1404759692,12419651.0,29.9
100,07/07/2014,16,1404761500,12062965.0,26.13
100,07/07/2014,17,1404763299,12376290.0,28.57
100,07/07/2014,17,1404765116,12398119.0,24.48
100,07/07/2014,18,1404766901,12395959.0,27.7
100,07/07/2014,18,1404768690,12204609.0,28.86
100,07/07/2014,19,1404770493,11700508.0,26.0
100,07/07/2014,19,1404772294,12185156.0,26.47
100,07/07/2014,20,1404774093,12379622.0,30.52
100,07/07/2014,20,1404775898,12303755.0,27.42
100,07/07/2014,21,1404777700,12373037.0,27.25
100,07/07/2014,21,1404779497,12421147.0,31.17
100,07/07/2014,22,1404781295,10637514.0,39.13
100,07/07/2014,22,1404783093,12356654.0,27.98
100,07/07/2014,23,1404784897,6810765.5,110.99
100,08/07/2014,00,1404788486,12319427.0,30.13
100,08/07/2014,00,1404790294,12222074.0,29.43
100,08/07/2014,01,1404792101,12397202.0,26.06
100,08/07/2014,01,1404793884,12421844.0,30.11
100,08/07/2014,09,1404820901,12381146.0,62.6
100,08/07/2014,09,1404822706,12411428.0,28.57
100,08/07/2014,10,1404824502,12383632.0,25.79
100,08/07/2014,10,1404826315,12396153.0,27.05
100,08/07/2014,11,1404828104,12252668.0,24.54
100,08/07/2014,11,1404829900,12427327.0,26.28
100,08/07/2014,12,1404831717,12409029.0,24.63
100,08/07/2014,12,1404833535,12388060.0,23.62
100,08/07/2014,13,1404835308,12141431.0,37.03
100,08/07/2014,13,1404837107,12281723.0,34.5
100,08/07/2014,14,1404838916,12394923.0,25.0
100,08/07/2014,14,1404840716,12444476.0,26.7
100,08/07/2014,15,1404842504,12210772.0,25.25
100,08/07/2014,15,1404844303,12410521.0,48.78
100,08/07/2014,16,1404846107,12380241.0,24.96
100,08/07/2014,16,1404847902,12415563.0,26.93
100,08/07/2014,17,1404849711,12432142.0,27.38
100,08/07/2014,17,1404851495,12226961.0,29.8
100,08/07/2014,18,1404853302,12389779.0,29.89
100,08/07/2014,18,1404855100,12333023.0,28.43
100,08/07/2014,19,1404856898,12365888.0,31.98
100,08/07/2014,19,1404858705,12362435.0,30.12
100,08/07/2014,20,1404860502,12395399.0,28.2
100,08/07/2014,20,1404862298,12380532.0,30.28
100,08/07/2014,21,1404864093,12153784.0,33.56
100,08/07/2014,21,1404865914,12247120.0,31.82
100,08/07/2014,22,1404867721,11529664.0,28.72
100,08/07/2014,22,1404869510,12191037.0,26.01
100,08/07/2014,23,1404871331,12059868.0,25.82
100,09/07/2014,00,1404874901,12390555.0,34.64
100,09/07/2014,00,1404876702,12285412.0,26.23
100,09/07/2014,01,1404878503,12365511.0,27.82
100,09/07/2014,01,1404880302,12681289.0,29.32
100,09/07/2014,02,1404882146,12340998.0,24.01
100,09/07/2014,02,1404883904,12223638.0,26.9
100,09/07/2014,03,1404885706,12414363.0,25.73
100,09/07/2014,03,1404887515,12427455.0,37.58
100,09/07/2014,04,1404889301,12371000.0,24.96
100,09/07/2014,04,1404891105,12390627.0,26.63
100,09/07/2014,05,1404892904,12413437.0,27.95
100,09/07/2014,05,1404894705,12378347.0,24.89
100,09/07/2014,06,1404896512,12437842.0,43.75
100,09/07/2014,06,1404898310,12425961.0,26.19
100,09/07/2014,07,1404900106,12437093.0,24.24
100,09/07/2014,07,1404901905,12385721.0,27.52
100,09/07/2014,08,1404903711,12413166.0,24.94
100,09/07/2014,08,1404905513,12284408.0,27.9
100,09/07/2014,09,1404907305,12377799.0,29.82
100,09/07/2014,09,1404909099,12344507.0,25.22
100,09/07/2014,10,1404910898,12387225.0,30.61
100,09/07/2014,10,1404912702,12317131.0,32.42
100,09/07/2014,11,1404914506,12440385.0,31.61
100,09/07/2014,11,1404916308,12352369.0,26.35
100,09/07/2014,12,1404918090,12172501.0,31.06
100,09/07/2014,12,1404919840,12088508.0,27.87
100,09/07/2014,13,1404921642,12190701.0,24.06
100,09/07/2014,13,1404923442,12235479.0,26.99
100,09/07/2014,14,1404925243,11406327.0,32.89
100,09/07/2014,14,1404927041,12224269.0,63.91
100,09/07/2014,15,1404928842,12249422.0,39.29
100,09/07/2014,15,1404930642,12089490.0,34.61
100,09/07/2014,16,1404932446,11192912.0,30.57
100,09/07/2014,16,1404934241,12136838.0,34.13
100,09/07/2014,17,1404936043,12242873.0,31.26
100,09/07/2014,17,1404937838,12192433.0,26.8
100,09/07/2014,18,1404939645,11960062.0,26.18
100,09/07/2014,18,1404941438,8426512.0,31.07
100,09/07/2014,19,1404943240,10457166.0,48.76
100,09/07/2014,19,1404945039,9343987.0,33.41
100,09/07/2014,20,1404946843,11955814.0,28.19
100,09/07/2014,20,1404948643,10830278.0,32.58
100,09/07/2014,21,1404950441,11859672.0,38.8
100,09/07/2014,21,1404952244,10486086.0,60.64
100,09/07/2014,22,1404954042,11607303.0,29.97
100,09/07/2014,22,1404955841,9591962.0,50.82
100,09/07/2014,23,1404957653,11115762.0,29.61
100,10/07/2014,00,1404961241,12266041.0,31.27
100,10/07/2014,00,1404963045,12353910.0,22.81
100,10/07/2014,01,1404964848,12372217.0,23.0
100,10/07/2014,01,1404966640,12395800.0,27.28
100,10/07/2014,02,1404968444,12382141.0,28.2
100,10/07/2014,02,1404970241,12091329.0,31.27
100,10/07/2014,03,1404972040,12199879.0,27.46
100,10/07/2014,03,1404973842,12417791.0,27.0
100,10/07/2014,04,1404975644,12433462.0,23.97
100,10/07/2014,04,1404977449,12384651.0,26.18
100,10/07/2014,05,1404979239,12434473.0,22.95
100,10/07/2014,05,1404981046,12215491.0,26.0
100,10/07/2014,06,1404982843,12405736.0,22.79
100,10/07/2014,06,1404984645,12311215.0,26.44
100,10/07/2014,07,1404986440,2000816.5,26.85
100,10/07/2014,07,1404988243,3025095.5,29.11
100,10/07/2014,08,1404990053,12421615.0,22.37
100,10/07/2014,08,1404991843,12291956.0,27.0
100,10/07/2014,09,1404993639,12315434.0,26.04
100,10/07/2014,09,1404995444,745408.0,34.6
100,10/07/2014,10,1404997240,12321847.0,29.43
100,10/07/2014,10,1404999043,12114181.0,35.98
100,10/07/2014,11,1405000842,12345506.0,25.92
100,10/07/2014,11,1405002642,12302402.0,31.07
100,10/07/2014,12,1405004441,279596.5625,28.02
100,10/07/2014,12,1405006245,12220638.0,27.5
100,10/07/2014,13,1405008041,12247204.0,32.7
100,10/07/2014,13,1405009839,12346405.0,31.76
100,10/07/2014,14,1405011640,12036691.0,34.45
100,10/07/2014,14,1405013443,12105962.0,32.79
100,10/07/2014,15,1405015244,12310062.0,35.66
100,10/07/2014,15,1405017043,11995694.0,33.89
100,10/07/2014,16,1405018843,12275657.0,37.84
100,10/07/2014,16,1405020642,12168294.0,28.11
100,10/07/2014,17,1405022448,12403313.0,27.76
100,10/07/2014,17,1405024240,12366113.0,24.76
100,10/07/2014,18,1405026043,12416683.0,26.99
100,10/07/2014,18,1405027844,12341851.0,24.52
100,10/07/2014,19,1405029642,12359177.0,29.43
100,10/07/2014,19,1405031441,12425811.0,27.83
100,10/07/2014,20,1405033242,11788100.0,28.35
100,10/07/2014,20,1405035042,12321424.0,30.16
100,10/07/2014,21,1405036846,12374188.0,24.99
100,10/07/2014,21,1405038641,12547546.0,31.12
100,10/07/2014,22,1405040442,12632426.0,27.61
100,10/07/2014,22,1405042239,9345395.0,25.95
100,10/07/2014,23,1405044040,12153611.0,27.44
100,11/07/2014,00,1405047639,12152237.0,30.66
100,11/07/2014,00,1405049449,12414636.0,24.48
100,11/07/2014,01,1405051240,12406632.0,24.97
100,11/07/2014,01,1405053048,12186330.0,27.08
100,11/07/2014,02,1405054843,12417398.0,34.14
100,11/07/2014,02,1405056646,12423955.0,33.14
100,11/07/2014,03,1405058439,12356426.0,26.18
100,11/07/2014,03,1405060242,12408485.0,27.28
100,11/07/2014,04,1405062040,12408186.0,24.12
100,11/07/2014,04,1405063841,12416207.0,29.16
100,11/07/2014,05,1405065640,12233851.0,29.11
100,11/07/2014,05,1405067444,12425123.0,25.66
100,11/07/2014,06,1405069242,12404537.0,25.54
100,11/07/2014,06,1405071041,12362811.0,33.61
100,11/07/2014,07,1405072840,12367981.0,26.16
100,11/07/2014,07,1405074641,12369557.0,25.0
100,11/07/2014,08,1405076442,12410721.0,26.82
100,11/07/2014,08,1405078247,12403794.0,25.81
100,11/07/2014,09,1405080042,12406253.0,26.63
100,11/07/2014,09,1405081852,12414492.0,28.65
100,11/07/2014,10,1405083644,12378249.0,24.45
100,11/07/2014,10,1405085444,12331772.0,23.88
100,11/07/2014,11,1405087242,12378634.0,32.12
100,11/07/2014,11,1405089047,12359717.0,31.4
100,11/07/2014,12,1405090849,12248581.0,28.84
100,11/07/2014,12,1405092643,12083484.0,23.96
100,11/07/2014,13,1405094447,12379089.0,26.53
100,11/07/2014,13,1405096245,12399299.0,25.11
100,11/07/2014,14,1405098046,12406806.0,27.84
100,11/07/2014,14,1405099842,12309984.0,25.89
100,11/07/2014,15,1405101644,12375539.0,30.53
100,11/07/2014,15,1405103442,12099189.0,29.25
100,11/07/2014,16,1405105242,12399814.0,25.11
100,11/07/2014,16,1405107042,12419071.0,25.39
100,11/07/2014,17,1405108843,12188042.0,24.25
100,11/07/2014,17,1405110648,12071909.0,28.32
100,11/07/2014,18,1405112443,12344371.0,29.6
100,11/07/2014,18,1405114244,12433490.0,24.54
100,11/07/2014,19,1405116044,12369909.0,25.06
100,11/07/2014,19,1405117843,12143043.0,40.74
100,11/07/2014,20,1405119646,12006546.0,26.61
100,11/07/2014,20,1405121441,10698975.0,32.69
100,11/07/2014,21,1405123243,11134011.0,24.46
100,11/07/2014,21,1405125045,12370780.0,27.61
100,11/07/2014,22,1405126847,12103694.0,26.39
100,11/07/2014,22,1405128641,11973967.0,31.38
100,11/07/2014,23,1405130442,12294349.0,26.58
100,12/07/2014,00,1405134044,12410191.0,66.74
100,12/07/2014,00,1405135844,12309405.0,26.77
100,12/07/2014,01,1405137645,12379907.0,24.02
100,12/07/2014,01,1405139441,12313677.0,27.87
100,12/07/2014,02,1405141243,11978807.0,24.61
100,12/07/2014,02,1405143039,12428737.0,25.47
100,12/07/2014,03,1405144843,12372771.0,23.77
100,12/07/2014,03,1405146646,12413736.0,24.29
100,12/07/2014,04,1405148443,12422854.0,27.54
100,12/07/2014,04,1405150243,12419833.0,23.69
100,12/07/2014,05,1405152040,12367830.0,23.61
100,12/07/2014,05,1405153857,12415052.0,64.49
100,12/07/2014,06,1405155651,4893813.0,28.98
100,12/07/2014,06,1405157443,12408615.0,29.17
100,12/07/2014,07,1405159247,12391402.0,24.79
100,12/07/2014,07,1405161045,12072070.0,28.3
100,12/07/2014,08,1405162842,12379962.0,24.31
100,12/07/2014,08,1405164644,12486465.0,26.58
100,12/07/2014,09,1405166442,12010853.0,28.41
100,12/07/2014,09,1405168241,12382395.0,23.52
100,12/07/2014,10,1405170042,11102578.0,26.48
100,12/07/2014,10,1405171856,12418935.0,27.41
100,12/07/2014,11,1405173644,12408361.0,28.19
100,12/07/2014,11,1405175446,12437401.0,27.2
100,12/07/2014,12,1405177242,12371346.0,25.28
100,12/07/2014,12,1405179040,12369575.0,27.46
100,12/07/2014,13,1405180842,12428028.0,30.29
100,12/07/2014,13,1405182641,12393868.0,28.0
100,12/07/2014,14,1405184444,12389244.0,26.79
100,12/07/2014,14,1405186244,12420900.0,28.32
100,12/07/2014,15,1405188041,12407730.0,24.31
100,12/07/2014,15,1405189841,12415309.0,30.7
100,12/07/2014,16,1405191644,12362851.0,26.96
100,12/07/2014,16,1405193443,12332547.0,26.46
100,12/07/2014,17,1405195241,12261620.0,33.34
100,12/07/2014,17,1405197043,12421947.0,27.87
100,12/07/2014,18,1405198843,12345860.0,24.14
100,12/07/2014,18,1405200640,12414153.0,23.88
100,12/07/2014,19,1405202443,12459004.0,27.82
100,12/07/2014,19,1405204243,12419266.0,24.55
100,12/07/2014,20,1405206042,12421941.0,32.47
100,12/07/2014,20,1405207845,12092527.0,23.46
100,12/07/2014,21,1405209642,12384778.0,27.46
100,12/07/2014,21,1405211442,10504321.0,28.02
100,12/07/2014,22,1405213246,12163614.0,24.91
100,12/07/2014,22,1405215044,12234099.0,30.75
100,12/07/2014,23,1405216844,12378664.0,29.04
100,13/07/2014,00,1405220446,12162047.0,26.22
100,13/07/2014,00,1405222247,12406418.0,24.77
100,13/07/2014,01,1405224041,12346822.0,31.34
100,13/07/2014,01,1405225844,12366212.0,27.83
100,13/07/2014,02,1405227642,12371552.0,50.68
100,13/07/2014,02,1405229444,12392860.0,25.7
100,13/07/2014,03,1405231247,12419010.0,26.76
100,13/07/2014,03,1405233040,12366151.0,27.08
100,13/07/2014,04,1405234845,12381241.0,31.1
100,13/07/2014,04,1405236644,12400917.0,23.93
100,13/07/2014,05,1405238442,12421189.0,26.35
100,13/07/2014,05,1405240242,12430070.0,28.85
100,13/07/2014,06,1405242045,12098218.0,25.25
100,13/07/2014,06,1405243844,12368083.0,26.93
100,13/07/2014,07,1405245642,12408568.0,31.42
100,13/07/2014,07,1405247456,12433085.0,24.39
100,13/07/2014,08,1405249244,12208589.0,32.34
100,13/07/2014,08,1405251043,12415846.0,25.22
100,13/07/2014,09,1405252845,12373165.0,30.3
100,13/07/2014,09,1405254642,12416363.0,28.05
100,13/07/2014,10,1405256443,12360849.0,29.8
100,13/07/2014,10,1405258247,12268251.0,27.07
100,13/07/2014,11,1405260042,12449780.0,24.9
100,13/07/2014,11,1405261846,12394680.0,37.85
100,13/07/2014,12,1405263647,12418904.0,28.36
100,13/07/2014,12,1405265442,12293512.0,28.98
100,13/07/2014,13,1405267247,10522956.0,34.74
100,13/07/2014,13,1405269044,12275567.0,26.28
100,13/07/2014,14,1405270843,12173917.0,26.35
100,13/07/2014,14,1405272644,12402352.0,25.11
100,13/07/2014,15,1405274439,12081365.0,29.64
100,13/07/2014,15,1405276242,11943087.0,28.3
100,13/07/2014,16,1405278041,12139545.0,29.06
100,13/07/2014,16,1405279845,12333807.0,29.8
100,13/07/2014,17,1405281645,12419449.0,26.3
100,13/07/2014,17,1405283441,12338106.0,28.32
100,13/07/2014,18,1405285242,11939205.0,29.83
100,13/07/2014,18,1405287045,12230134.0,25.18
100,13/07/2014,19,1405288842,12431696.0,29.65
100,13/07/2014,19,1405290646,12405857.0,25.98
100,13/07/2014,20,1405292445,12035245.0,29.4
100,13/07/2014,20,1405294245,10010055.0,25.26
100,13/07/2014,21,1405296048,11025421.0,27.58
100,13/07/2014,21,1405297846,11682049.0,36.87
100,13/07/2014,22,1405299644,5445866.0,25.39
100,13/07/2014,22,1405301443,12084254.0,25.03
100,13/07/2014,23,1405303247,12079739.0,47.47
100,14/07/2014,00,1405306841,12146010.0,23.52
100,14/07/2014,00,1405308647,11933387.0,24.98
100,14/07/2014,01,1405310444,12172963.0,28.0
100,14/07/2014,01,1405312239,4328467.5,26.86
100,14/07/2014,02,1405314042,12382676.0,24.61
100,14/07/2014,02,1405315842,12303172.0,26.57
100,14/07/2014,03,1405317643,12252326.0,28.73
100,14/07/2014,03,1405319442,12233794.0,24.16
100,14/07/2014,04,1405321241,12414140.0,26.66
100,14/07/2014,04,1405323041,12421310.0,27.34
100,14/07/2014,05,1405324842,12143889.0,35.08
100,14/07/2014,05,1405326644,12168330.0,27.5
100,14/07/2014,06,1405328448,12362963.0,22.42
100,14/07/2014,06,1405330247,12331297.0,27.97
100,14/07/2014,07,1405332046,12382923.0,27.75
100,14/07/2014,07,1405333848,12171947.0,44.76
100,14/07/2014,08,1405335641,12355728.0,26.42
100,14/07/2014,08,1405337444,12403941.0,28.72
100,14/07/2014,09,1405339246,12408667.0,25.31
100,14/07/2014,09,1405341042,12303531.0,26.98
100,14/07/2014,10,1405342841,12368089.0,29.73
100,14/07/2014,10,1405344645,12433336.0,29.69
100,14/07/2014,11,1405346440,12014121.0,36.17
100,14/07/2014,11,1405348242,12272518.0,33.21
100,14/07/2014,12,1405350041,12351728.0,31.24
100,14/07/2014,12,1405351840,12097159.0,31.93
100,14/07/2014,13,1405353640,12416879.0,35.48
100,14/07/2014,13,1405355443,12182984.0,32.18
100,14/07/2014,14,1405357244,12235064.0,27.94
100,14/07/2014,14,1405359043,12267396.0,35.38
100,14/07/2014,15,1405360845,12236636.0,35.08
100,14/07/2014,15,1405362644,12264263.0,30.69
100,14/07/2014,16,1405364441,12255440.0,37.46
100,14/07/2014,16,1405366244,12328109.0,28.21
100,14/07/2014,17,1405368041,12323589.0,26.58
100,14/07/2014,17,1405369842,12352298.0,24.73
100,14/07/2014,18,1405371642,12286066.0,24.88
100,14/07/2014,18,1405373439,12376544.0,26.05
100,14/07/2014,19,1405375241,12414645.0,25.26
100,14/07/2014,19,1405377042,12176247.0,26.84
100,14/07/2014,20,1405378844,12394598.0,27.85
100,14/07/2014,20,1405380640,12117688.0,25.2
100,14/07/2014,21,1405382441,12407392.0,27.63
100,14/07/2014,21,1405384243,12419928.0,28.11
100,14/07/2014,22,1405386042,12343580.0,27.38
100,14/07/2014,22,1405387842,12419924.0,32.48
100,14/07/2014,23,1405389640,12062658.0,25.48
100,15/07/2014,00,1405393241,12405309.0,29.34
100,15/07/2014,00,1405395045,12403808.0,25.22
100,15/07/2014,01,1405396841,12400068.0,26.66
100,15/07/2014,01,1405398642,12241699.0,26.2
100,15/07/2014,02,1405400442,10934353.0,21.92
100,15/07/2014,02,1405402243,11415265.0,107.32
100,15/07/2014,03,1405404044,11470929.0,25.16
100,15/07/2014,03,1405405839,12346938.0,28.53
100,15/07/2014,04,1405407641,12406473.0,37.15
100,15/07/2014,04,1405409442,12420027.0,26.59
100,15/07/2014,05,1405411241,12406168.0,25.05
100,15/07/2014,05,1405413042,12426156.0,26.44
100,15/07/2014,06,1405414842,12405709.0,23.6
100,15/07/2014,06,1405416645,12428274.0,51.88
100,15/07/2014,07,1405418445,12418828.0,29.08
100,15/07/2014,07,1405420241,12400020.0,23.42
100,15/07/2014,08,1405422045,12361933.0,26.84
100,15/07/2014,08,1405423838,12432575.0,22.14
100,15/07/2014,09,1405425643,12404886.0,30.47
100,15/07/2014,09,1405427440,12149135.0,22.64
100,15/07/2014,10,1405429241,12398854.0,24.67
100,15/07/2014,10,1405431049,12411744.0,37.28
100,15/07/2014,11,1405432843,12367921.0,28.99
100,15/07/2014,11,1405434641,12126655.0,28.57
100,15/07/2014,12,1405436439,12353472.0,38.63
100,15/07/2014,12,1405438239,12000340.0,31.51
100,15/07/2014,13,1405440038,12380166.0,26.82
100,15/07/2014,13,1405441843,12255726.0,55.43
100,15/07/2014,14,1405443647,12313191.0,31.18
100,15/07/2014,14,1405445448,12406911.0,35.36
100,15/07/2014,15,1405447241,12068092.0,32.57
100,15/07/2014,15,1405449038,11867295.0,33.03
100,15/07/2014,16,1405450840,12259470.0,28.62
100,15/07/2014,16,1405452640,12271920.0,27.26
100,15/07/2014,17,1405454442,12173875.0,26.66
100,15/07/2014,17,1405456246,12436301.0,23.35
100,15/07/2014,18,1405458040,12281285.0,27.54
100,15/07/2014,18,1405459842,12385522.0,22.59
100,15/07/2014,19,1405461637,12456301.0,24.6
100,15/07/2014,19,1405463440,12322432.0,27.23
100,15/07/2014,20,1405465242,10800830.0,24.67
100,15/07/2014,20,1405467041,11454581.0,28.0
100,15/07/2014,21,1405468844,11604773.0,27.36
100,15/07/2014,21,1405470643,12285915.0,31.82
100,15/07/2014,22,1405472440,10983876.0,25.98
100,15/07/2014,22,1405474243,12238316.0,25.03
100,15/07/2014,23,1405476043,10601536.0,26.11
